78,1
78,3
0,487
0,486
0,484
14,8
0,481
36,6
36,1
36,3
0,480
0,472
0,479
0,469
0,386
84,4
84,1
84,3
14,7
46,7
46,6
46,5
46,4
46,1
46,3
45,7
45,5
45,4
45,1
45,3
14,5
44,4
44,1
44,3
0,273
0,270
0,544
10,305
10,151
10,33
10,171
10,65
10,239
10,225
10,267
10,2
10,3
11,20
11,6
11,12
11,19
11,14
11,2
11,3
9,7
9,1
9,5
9,2
9,3
8,15
8,9
8,16
8,5
8,14
8,2
8,3
0,516
18,1
18,3
14,6
14,3
13,1
13,3
2,2
2,1
2,3
259,590
259,589
259,588
259,587
259,586
259,585
259,584
259,583
259,582
259,581
259,580
259,579
259,578
259,577
259,576
259,575
259,574
259,573
259,572
259,571
259,570
259,569
259,568
259,567
259,566
259,565
259,564
259,563
259,562
259,561
259,560
259,1
223,5
223,4
223,3
223,2
223,1
217,3
217,1
215,4
215,3
215,1
214,4
214,3
214,2
214,1
103,45
103,44
103,43
103,42
103,41
103,40
103,39
103,38
